0 1022 1 [('LIT', 1)]
100000 1411 0 []
200000 192 0 []
300000 2419 2 [('LIT', 2)]
400000 1609 1 [('LIT', 1)]
500000 0 0 []
600000 0 0 []
700000 0 0 []
800000 660 0 []
900000 2174 1 [('LIT', 1)]
1000000 4968 2 [('ITL', 2)]
1100000 4969 0 []
1200000 4913 0 []
1300000 5037 0 []
1400000 6577 2 [('ITL', 2)]
1500000 6645 0 []
1600000 7130 0 []
1700000 7047 0 []
1800000 7520 0 []
1900000 8902 0 []
2000000 7915 0 []
2100000 481 0 []
2200000 683 0 []
2300000 350 0 []
3700000 23720 0 []
3800000 25245 0 []
3900000 27910 0 []
4000000 6472 0 []
4100000 70 0 []
4200000 77 0 []
4300000 16 0 []
27000000 0 0 []
27100000 0 0 []
27200000 0 0 []
27300000 0 0 []
27400000 0 0 []
27500000 0 0 []
27600000 0 0 []
27700000 0 0 []
27800000 0 0 []
27900000 68 0 []
28000000 6 0 []
