3950000 [10000, 0, 2601, 0, 3871, 0, 3969]
3960000 [10000, 0, 3424, 0, 5394, 1, 5524]
3970000 [10000, 0, 2860, 0, 4612, 0, 4738]
3980000 [10000, 0, 3015, 0, 4725, 0, 4828]
3990000 [10000, 0, 2773, 0, 4213, 3, 4355]
4000000 [10000, 0, 2504, 0, 4054, 0, 4165]
4010000 [10000, 0, 2530, 0, 3716, 1, 3835]
4020000 [10000, 1176, 746, 1381, 3031, 2, 3134]
4030000 [10000, 2026, 0, 2367, 3592, 0, 3698]
4040000 [10000, 2090, 0, 2409, 3700, 0, 3814]
4050000 [10000, 1366, 731, 1588, 3270, 0, 3379]
4060000 [10000, 1812, 3, 2125, 3170, 1, 3259]
4070000 [10000, 2059, 2, 2403, 3545, 0, 3631]
4080000 [10000, 1890, 2, 2217, 3189, 0, 3287]
4090000 [10000, 2092, 2, 2415, 3617, 0, 3729]
4100000 [10000, 1967, 0, 2280, 3265, 2, 3363]
4110000 [10000, 2019, 1, 2385, 3283, 1, 3404]
4120000 [10000, 1963, 1, 2416, 3431, 0, 3531]
4130000 [10000, 2038, 11, 2354, 3372, 9, 3484]
4140000 [10000, 1920, 15, 2305, 3347, 14, 3462]
4150000 [10000, 2256, 10, 2561, 3634, 11, 3749]
4160000 [10000, 1966, 13, 2429, 3552, 12, 3682]
4170000 [10000, 1868, 29, 2258, 3125, 31, 3270]
4180000 [10000, 1996, 24, 2432, 3504, 23, 3614]
4190000 [10000, 2151, 20, 2483, 3582, 21, 3716]
4200000 [10000, 2287, 19, 2649, 3943, 18, 4069]
4210000 [10000, 2392, 38, 2811, 4090, 40, 4225]
4220000 [10000, 2175, 8, 2456, 3468, 10, 3585]
4230000 [10000, 2084, 27, 2571, 3617, 32, 3740]
4240000 [10000, 2045, 21, 2392, 3299, 21, 3436]
4250000 [10000, 2244, 12, 2483, 3542, 13, 3671]
4260000 [10000, 1913, 27, 2298, 3247, 32, 3393]
4270000 [10000, 2205, 23, 2536, 3709, 21, 3852]
4280000 [10000, 2013, 24, 2360, 3312, 24, 3436]
4290000 [10000, 2309, 33, 2610, 3824, 30, 3948]
4300000 [10000, 2438, 16, 2866, 4005, 15, 4132]
4310000 [10000, 2236, 1, 2716, 3686, 0, 3809]
4320000 [10000, 2299, 1, 2876, 4043, 0, 4124]
4330000 [10000, 2661, 2, 3077, 4195, 2, 4312]
4340000 [10000, 2158, 26, 2717, 3766, 29, 3875]
4350000 [2356, 576, 11, 658, 877, 11, 921]
4360000 [0, None, None, None, None, None, None]
4370000 [0, None, None, None, None, None, None]
4380000 [0, None, None, None, None, None, None]
4390000 [0, None, None, None, None, None, None]
4400000 [0, None, None, None, None, None, None]
4410000 [0, None, None, None, None, None, None]
4420000 [0, None, None, None, None, None, None]
4430000 [0, None, None, None, None, None, None]
4440000 [0, None, None, None, None, None, None]
4450000 [0, None, None, None, None, None, None]
4460000 [0, None, None, None, None, None, None]
4470000 [0, None, None, None, None, None, None]
4480000 [0, None, None, None, None, None, None]
4490000 [0, None, None, None, None, None, None]
